world: 1a74786a-fc9a-4b08-9c45-a8fdcc3a7581
world-name: arena
x: 0.48474802030313263
y: 62.0
z: 0.37954370860548187
yaw: -89.42667388916016
pitch: -1.2572952508926392
name: arena
lastowner: 1f94f176-d12e-4907-86fb-439e3fb36d02
