world: bfcc9491-a06a-42f1-ba58-7dfccdadadbf
world-name: spawn
x: 0.994941351952792
y: 99.0
z: -52.30000001192093
yaw: -1.3921104669570923
pitch: 1.1913483142852783
name: auctions
lastowner: 1f94f176-d12e-4907-86fb-439e3fb36d02
