world: 6225cce2-49bf-4949-a0f8-45d7d025fd38
world-name: BUILD
x: -32.0
y: 70.0
z: 48.0
yaw: 1.4999967813491821
pitch: -0.4499977231025696
name: BUILD
lastowner: 7d1f4925-7449-4dc9-89a9-37f6b3e45d31
