world: bfcc9491-a06a-42f1-ba58-7dfccdadadbf
world-name: spawn
x: 14.170429988978237
y: 100.0
z: -24.107257332605524
yaw: -151.99815368652344
pitch: 6.438254356384277
name: crates
lastowner: 1f94f176-d12e-4907-86fb-439e3fb36d02
