world: 9c8cdee4-2c28-40bb-8a2f-71cc17e9bff3
world-name: SPAWN
x: 128.82736965544012
y: 211.0
z: -149.59280842574583
yaw: -88.8565673828125
pitch: 6.300031661987305
name: FISHING
lastowner: 91461185-dc6c-45a1-9315-d1bf924e65cc
