world: 9c8cdee4-2c28-40bb-8a2f-71cc17e9bff3
world-name: SPAWN
x: 7.741683760858933
y: 216.0
z: -99.66959008352177
yaw: 80.79496765136719
pitch: 4.649956703186035
name: LEADERBOARD
lastowner: 91461185-dc6c-45a1-9315-d1bf924e65cc
