world: bfcc9491-a06a-42f1-ba58-7dfccdadadbf
world-name: spawn
x: -7.699999988079071
y: 99.0
z: -59.477742995031576
yaw: 91.0159912109375
pitch: 7.604238033294678
name: shop
lastowner: 1f94f176-d12e-4907-86fb-439e3fb36d02
