world: bfcc9491-a06a-42f1-ba58-7dfccdadadbf
world-name: spawn
x: 0.5
y: 100.0
z: 0.5
yaw: -178.23263549804688
pitch: -7.35915470123291
name: spawn
lastowner: 1f94f176-d12e-4907-86fb-439e3fb36d02
